{
    "Intrinsics": {
        "type_id": "opencv-matrix",
        "rows": 3,
        "cols": 3,
        "dt": "d",
        "data": [ 7.5222871093257470e+02, 0.0, 3.9979559852891458e+02,
            0.0, 9.7437356391775279e+02, 2.9943154566965012e+02, 0.0,
            0.0, 1.0 ]
    },
    "DistCoeffs": {
        "type_id": "opencv-matrix",
        "rows": 1,
        "cols": 5,
        "dt": "d",
        "data": [ -1.7257745317459069e-01, -2.1098105628877684e-01,
            7.6902809995758508e-03, 1.7816745508973483e-02,
            3.6442322046127811e+00 ]
    }
}
